ALAMEDA 1,098,785 183,016 55,364 32,950 1,370,115
ALPINE 1,880 896 417 71 3,264
AMADOR 30,244 16,241 11,352 2,253 60,090
BUTTE 121,752 53,135 46,517 6,701 228,105
CALAVERAS 38,583 21,079 16,392 3,105 79,159
COLUSA 13,216 8,320 8,657 518 30,711
CONTRA COSTA 865,273 163,189 59,422 27,850 1,115,734
DEL NORTE 14,783 7,290 5,418 845 28,336
EL DORADO 139,166 50,344 39,523 8,520 237,553
FRESNO 552,415 190,155 100,668 17,808 861,046
GLENN 17,404 10,691 9,974 871 38,940
HUMBOLDT 80,541 41,215 27,407 4,845 154,008
IMPERIAL 131,116 46,520 25,319 3,268 206,223
INYO 13,969 7,935 5,633 963 28,500
KERN 462,012 196,442 108,609 17,879 784,942
KINGS 72,702 28,296 15,469 2,617 119,084
LAKE 48,349 22,986 16,572 2,991 90,898
LASSEN 15,740 10,206 9,683 1,002 36,631
LOS ANGELES 6,567,187 1,137,057 292,466 157,850 8,154,560
MADERA 83,740 35,787 27,028 3,729 150,284
MARIN 198,520 32,654 10,992 7,358 249,524
MARIPOSA 13,828 8,107 6,022 1,032 28,989
MENDOCINO 60,592 33,764 20,943 3,609 118,908
MERCED 151,649 57,291 30,674 4,726 244,340
MODOC 5,098 4,304 4,121 240 13,763
MONO 9,362 4,555 3,349 652 17,918
MONTEREY 277,034 85,386 37,216 8,474 408,110
NAPA 98,356 31,752 16,999 3,987 151,094
NEVADA 73,237 30,293 25,641 5,582 134,753
ORANGE 2,341,100 429,075 111,986 61,781 2,943,942
PLACER 300,428 86,518 52,743 13,777 453,466
PLUMAS 15,059 9,641 8,278 959 33,937
RIVERSIDE 1,489,204 402,177 172,316 50,241 2,113,938
SACRAMENTO 992,932 225,156 106,423 32,850 1,357,361
SAN BENITO 41,944 16,544 8,871 2,514 69,873
SAN BERNARDINO 1,341,914 371,228 179,730 44,803 1,937,675
SAN DIEGO 2,288,662 488,581 182,433 86,450 3,046,126
SAN FRANCISCO 407,934 54,224 8,632 21,546 492,336
SAN JOAQUIN 462,774 140,734 88,795 15,391 707,694
SAN LUIS OBISPO 191,161 67,833 46,919 10,845 316,758
SAN MATEO 653,209 90,163 20,392 17,134 780,898
SANTA BARBARA 284,166 84,082 33,576 12,510 414,334
SANTA CLARA 1,417,534 200,570 62,756 39,054 1,719,914
SANTA CRUZ 182,383 53,234 20,550 10,476 266,643
SHASTA 111,040 52,027 50,251 7,392 220,710
SIERRA 2,550 1,711 1,250 178 5,689
SISKIYOU 30,447 18,649 15,300 1,882 66,278
SOLANO 305,609 76,647 43,004 13,247 438,507
SONOMA 348,148 117,241 59,109 17,308 541,806
STANISLAUS 327,336 117,116 68,884 12,229 525,565
SUTTER 59,072 26,090 21,925 2,390 109,477
TEHAMA 35,858 20,194 19,587 1,977 77,616
TRINITY 8,092 5,899 5,127 649 19,767
TULARE 244,548 104,435 56,172 8,527 413,682
TUOLUMNE 41,154 21,886 14,440 3,030 80,510
VENTURA 605,961 146,355 52,147 24,422 828,885
YOLO 124,743 38,053 25,742 4,302 192,840
YUBA 42,839 16,745 13,133 2,349 75,066 